738
29
33
129
618
886
887
215
619
274
552
620
110
30
761
442
775
888
61
127
85
74
105
171
79
559
31
103
555
160
120
178
416
73
166
212
417
776
560
76
96
143
94
268
260
65
345
777
97
506
261
126
189
179
84
418
69
154
889
94
393
132
346
108
372
75
507
82
108
94
471
201
128
143
172
115
561
182
116
75
626
69
269
329
99
129
190
419
66
70
290
143
81
110
278
217
445
373
152
155
313
142
249
229
103
36
201
208
419
95
347
393
145
890
125
348
778
100
562
779
372
420
195
421
136
72
83
77
330
100
152
627
422
97
138
82
150
394
143
81
139
892
197
159
88
893
293
230
197
393
235
290
159
241
137
618
780
217
120
262
113
276
122
79
138
563
314
423
97
276
122
79
618
423
236
101
470
472
424
252
294
120
252
177
94
424
143
237
120
143
68
278
71
154
302
894
118
564
66
104
781
303
97
279
64
72
145
895
157
250
113
185
155
97
628
155
152
60
315
139
45
344
160
375
473
154
204
118
116
565
628
629
896
97
265
68
130
395
154
120
425
198
111
75
181
897
426
783
99
304
104
102
70
99
396
898
428
89
74
191
97
560
82
139
190
60
448
76
239
205
375
397
899
120
784
373
71
101
417
107
474
118
97
125
56
293
107
345
94
60
124
138
82
281
120
78
58
71
196
449
429
87
196
278
567
204
145
190
347
900
253
190
104
426
785
158
117
74
169
160
97
68
102
137
68
20
372
111
94
564
786
173
119
305
45
344
71
133
450
60
129
82
508
569
632
208
901
94
425
142
145
130
94
136
157
152
155
279
185
132
68
102
90
421
509
129
59
95
475
83
154
129
131
84
392
118
451
306
129
109
197
217
136
346
510
32
74
101
570
97
58
62
140
127
66
902
633
71
94
208
634
313
265
268
903
217
75
283
72
81
104
158
306
150
113
60
177
511
101
894
635
97
120
316
116
425
375
185
155
87
107
79
904
252
905
513
333
557
85
278
48
140
58
104
71
278
130
109
174
377
88
278
389
283
144
888
209
74
82
203
97
159
158
514
452
76
274
214
902
293
192
59
895
160
375
636
476
54
63
68
75
388
74
290
34
90
176
637
75
571
155
120
906
619
417
350
176
82
254
157
97
178
399
300
787
75
104
120
36
60
106
73
133
97
33
307
351
107
903
35
217
37
77
58
110
278
47
181
107
123
907
80
638
189
97
572
394
229
62
303
907
80
638
189
477
113
66
70
510
353
139
346
908
203
516
242
64
453
77
909
208
107
903
97
153
157
639
47
619
122
218
97
80
58
910
133
40
156
445
127
151
278
143
83
198
44
156
231
278
224
62
106
123
45
66
212
559
162
113
179
184
125
109
517
89
155
63
201
424
518
400
390
70
478
640
894
573
641
334
429
788
294
97
31
110
68
130
901
278
45
63
75
911
45
63
75
129
912
401
75
180
54
908
203
913
123
42
77
575
138
914
281
347
333
134
915
121
278
51
58
78
131
278
34
72
102
377
912
889
269
114
61
152
7
184
59
95
633
104
119
305
97
265
79
66
330
305
174
520
642
344
160
109
73
69
915
155
120
178
416
643
169
162
223
116
308
60
98
789
345
158
231
74
146
118
317
218
79
128
100
120
71
90
199
252
96
417
643
176
94
454
428
70
303
791
309
402
97
776
560
76
364
125
129
197
183
402
217
146
335
348
128
62
127
251
336
153
479
315
217
889
7
196
334
153
79
128
510
567
63
282
445
373
916
576
207
96
98
204
129
158
445
373
916
270
314
453
62
85
792
118
63
103
9
160
313
72
644
157
69
917
106
70
98
918
217
308
109
919
111
65
119
354
142
316
123
295
189
142
645
646
522
430
577
647
118
564
648
578
89
281
120
649
520
314
170
66
561
920
185
650
139
97
226
58
69
793
353
794
128
111
145
269
651
523
144
97
62
180
375
60
90
155
217
142
89
65
85
125
481
165
290
319
152
280
308
391
110
143
334
153
401
652
69
510
651
419
559
136
148
162
65
281
399
473
100
266
184
71
886
921
61
795
153
308
118
281
198
316
394
482
72
562
78
66
579
148
283
66
281
396
103
9
160
109
796
98
142
178
416
483
98
107
626
69
269
922
924
109
82
202
120
137
109
181
73
274
580
94
136
184
82
180
302
107
925
129
394
136
279
246
144
63
224
227
922
581
115
109
140
926
403
66
88
167
502
927
80
928
164
903
920
484
94
139
97
316
123
797
208
99
87
7
111
94
582
271
798
523
129
98
393
145
103
29
32
654
799
260
102
149
655
321
217
213
155
224
334
265
930
118
189
145
74
86
147
280
319
153
280
179
184
476
401
172
134
338
800
334
120
198
62
184
71
104
199
118
564
136
153
931
932
656
241
276
108
933
636
476
29
65
207
97
456
192
81
309
77
61
907
65
908
89
321
208
139
634
934
240
313
107
657
97
73
306
524
333
162
525
78
217
198
485
126
197
217
514
72
380
510
645
130
78
583
306
158
97
178
282
405
117
89
118
98
97
204
137
216
158
164
168
140
801
584
306
801
60
935
155
797
80
936
70
561
138
82
90
155
586
402
162
96
780
136
96
85
62
89
230
67
124
97
141
937
121
67
642
344
160
208
938
62
102
145
381
104
203
183
382
133
46
72
517
218
938
486
453
97
641
587
302
802
424
110
75
20
372
128
918
240
939
571
155
72
250
160
148
319
141
119
76
112
105
526
310
487
408
940
523
139
145
109
187
105
95
71
416
384
114
67
315
179
84
63
68
169
60
315
941
109
149
74
231
658
144
159
930
241
376
133
588
458
158
942
659
345
158
145
150
345
94
400
107
943
89
241
198
403
218
660
39
803
589
68
182
777
110
65
476
945
192
89
118
946
218
179
166
488
115
163
378
119
71
338
198
403
58
947
948
69
114
119
118
241
888
64
254
119
94
216
62
130
98
138
380
272
241
645
379
141
345
158
588
458
227
400
213
946
183
120
96
63
73
97
484
223
197
401
172
134
309
97
336
59
130
64
104
197
382
129
148
431
117
63
298
197
323
275
260
948
81
118
351
509
179
104
339
205
489
98
109
72
329
63
804
97
306
281
396
94
509
400
661
304
241
634
104
219
98
97
104
219
98
527
271
423
298
75
69
949
636
119
528
509
940
152
805
365
111
98
164
172
242
98
950
85
167
36
123
922
156
401
279
161
77
96
99
62
115
63
912
198
244
403
218
648
147
152
63
298
98
120
96
101
58
132
82
114
69
408
142
179
89
65
359
273
252
779
58
132
79
130
149
529
66
197
176
181
161
265
156
397
575
899
120
138
530
194
159
253
489
253
402
218
29
151
951
97
952
157
321
110
953
954
119
490
120
489
576
65
106
75
507
98
171
255
522
428
138
232
62
89
161
488
408
192
431
169
69
571
189
149
69
571
100
75
95
62
911
198
106
246
126
189
99
182
116
217
136
138
663
220
585
590
97
806
58
71
260
75
350
76
118
351
143
81
260
137
618
118
351
217
66
62
591
204
899
430
489
198
62
115
165
290
347
489
253
173
106
96
218
217
953
72
114
305
110
75
928
953
128
68
184
117
205
142
664
120
489
198
456
62
80
559
272
64
171
83
198
514
662
273
128
68
531
126
67
890
587
665
63
2
8
167
955
95
56
318
589
959
171
960
0
5
1
56
184
113
39
666
491
31
959
397
962
16
11
964
11
17
4
965
526
590
487
260
245
68
371
31
583
182
71
62
74
99
47
122
410
63
459
99
45
344
142
110
65
239
256
29
276
571
150
116
526
310
643
449
66
30
432
81
416
244
967
968
274
198
300
461
807
39
808
969
262
113
668
451
97
153
171
70
239
205
289
1
971
303
415
99
56
8
39
589
959
62
669
351
133
972
382
77
250
60
360
361
533
274
809
346
115
105
429
118
529
810
75
973
135
430
225
333
79
103
46
77
193
590
487
260
245
125
110
65
239
154
376
133
661
76
133
29
60
177
511
101
118
116
512
126
418
30
504
102
272
798
110
974
493
139
643
161
503
154
95
143
330
79
811
132
118
975
136
346
112
372
778
69
247
95
267
593
976
176
68
173
94
620
160
29
120
316
116
425
375
185
155
87
107
79
904
252
905
513
333
557
85
30
534
141
657
887
215
619
274
198
552
450
977
618
58
917
106
70
98
918
643
161
670
978
125
176
116
668
209
116
97
176
209
199
660
791
139
979
204
198
646
317
99
213
228
94
535
345
81
294
198
184
81
434
375
473
118
536
103
29
44
160
308
109
919
111
65
119
354
142
316
123
295
89
321
99
198
29
922
581
115
109
140
926
403
66
88
30
374
221
125
672
69
813
95
196
147
132
968
170
632
73
344
71
814
300
461
94
240
254
63
314
170
200
141
149
311
886
186
516
815
63
642
140
259
478
338
483
144
60
980
146
979
429
146
231
256
137
173
816
420
173
804
95
300
223
981
319
250
576
585
422
526
422
643
196
589
943
1
179
84
392
349
115
637
162
201
198
982
641
334
429
788
294
471
201
279
76
114
201
385
88
983
56
8
39
589
959
62
99
987
968
274
552
972
967
120
111
199
183
988
778
154
562
779
372
420
195
120
824
138
563
96
143
94
180
450
390
70
126
990
995
415
144
972
148
107
114
160
143
777
60
141
79
104
339
256
192
261
112
253
481
364
809
503
77
341
117
74
169
905
597
490
114
70
107
676
218
173
60
832
75
401
68
196
68
184
93
1
492
351
996
120
11
9
10
15
1
488
133
120
46
72
517
429
89
157
354
70
88
449
68
155
29
35
63
146
160
44
129
333
110
321
597
71
260
586
70
915
119
116
73
344
71
814
997
142
120
403
58
79
534
141
457
834
998
655
361
968
274
552
526
422
107
376
99
809
60
129
618
785
167
33
1
667
835
232
81
205
75
283
127
810
982
972
173
202
107
679
136
62
102
145
381
121
947
486
999
97
641
147
280
302
802
836
129
1001
303
125
407
215
130
94
945
1002
100
799
593
976
141
96
77
652
251
347
456
192
80
1
385
411
167
738
29
40
58
125
244
954
89
256
142
539
683
338
541
100
402
97
379
152
21
30
1004
45
106
82
202
488
85
247
234
346
194
53
66
71
114
391
75
175
150
75
86
227
412
128
973
202
1005
510
664
150
111
104
75
273
106
193
85
73
253
839
97
204
1007
308
64
999
1008
280
153
156
231
629
97
204
216
61
127
85
116
137
542
272
118
418
1012
357
77
152
172
94
117
62
74
144
97
567
190
1
77
152
172
1012
357
77
107
74
378
94
336
272
150
96
780
140
223
219
113
405
81
591
53
66
71
114
119
1012
354
178
67
314
260
456
192
81
840
116
252
132
75
356
684
375
397
389
143
841
133
176
413
1013
219
129
204
142
425
686
382
236
219
132
362
1012
357
146
664
202
429
161
362
89
61
1014
135
348
196
116
180
175
150
94
139
145
293
1002
687
842
222
305
948
81
118
125
664
69
128
58
8
36
688
843
348
120
484
98
306
166
898
844
281
348
393
413
812
71
273
204
664
150
841
1015
107
333
59
255
413
1016
122
89
60
255
79
124
142
1018
933
288
63
62
255
132
120
945
842
81
260
173
71
1002
161
29
402
240
393
321
208
977
412
107
60
111
140
202
348
565
488
85
1019
450
1020
62
101
63
61
94
428
240
412
213
184
269
196
587
395
134
338
62
908
61
97
450
1021
362
144
142
1015
544
136
450
1020
380
231
94
428
240
892
113
380
335
306
409
1
120
480
423
836
795
120
308
143
75
273
600
74
224
184
531
117
79
1019
1023
474
219
689
1023
111
123
516
213
71
104
394
450
1020
564
153
690
205
97
138
663
1
545
471
145
8
36
688
348
412
60
96
74
571
320
200
141
173
493
139
454
348
138
96
95
75
283
127
86
601
45
72
70
118
82
86
21
465
39
1
77
691
59
435
120
474
62
181
158
686
382
265
930
118
197
509
692
395
294
130
147
94
232
69
298
637
76
94
602
94
75
356
528
77
173
150
96
200
207
81
570
97
365
111
98
515
687
845
309
362
85
220
384
267
108
200
240
120
168
846
133
137
267
284
176
59
100
266
542
473
202
138
693
62
255
98
488
85
694
570
136
192
693
157
650
136
847
125
336
171
70
309
914
81
310
586
266
145
111
243
101
434
806
179
58
199
99
213
155
61
151
216
639
97
950
133
130
619
303
580
94
185
650
240
695
101
95
64
340
224
64
222
136
97
214
181
103
492
116
570
110
77
222
354
148
117
206
539
136
120
322
62
114
116
164
533
69
101
80
203
414
176
413
1013
138
436
154
545
142
649
129
283
948
113
82
181
130
783
144
77
446
155
386
120
333
73
104
575
164
179
74
115
359
165
290
336
72
304
75
273
77
696
273
679
71
94
570
213
63
82
810
484
1
513
145
184
125
97
149
138
381
76
361
141
59
486
115
112
105
141
242
61
846
99
337
120
156
61
101
152
413
570
311
77
63
697
120
61
151
436
158
89
106
639
264
253
362
85
8
35
101
105
249
488
349
82
118
113
382
925
96
157
98
62
911
60
162
102
82
129
145
278
164
222
142
61
659
171
83
198
62
911
597
805
249
488
349
8
36
688
60
144
164
69
115
233
120
45
470
90
150
351
848
260
381
511
1
1015
142
129
419
317
142
207
431
80
1
698
544
142
129
974
207
431
494
421
135
60
144
428
97
648
67
70
90
176
94
162
116
603
65
192
495
998
172
490
430
176
79
269
363
926
249
70
110
62
80
127
97
627
76
273
172
182
79
849
63
688
329
99
119
82
795
72
661
165
112
559
136
179
118
330
166
94
60
558
446
71
139
546
115
98
636
119
528
183
129
183
848
453
66
62
591
168
70
95
119
204
97
988
136
77
207
978
824
389
283
144
173
106
185
150
421
824
117
62
74
144
474
67
141
421
824
153
226
338
921
64
147
220
72
65
271
315
313
848
453
967
120
1005
310
107
150
75
68
98
72
319
73
604
184
146
71
303
80
479
58
898
128
419
813
79
224
106
98
129
59
95
430
145
74
131
72
605
414
153
117
76
260
172
75
103
49
1
119
204
60
606
137
64
70
805
456
62
80
203
576
558
171
209
115
98
941
159
89
310
164
222
121
269
347
306
132
107
74
1
185
202
136
196
351
240
110
141
296
72
350
75
117
202
114
70
138
70
148
75
85
694
110
347
454
138
89
816
76
60
448
141
639
792
102
68
176
102
94
575
70
112
147
280
77
141
59
461
280
578
89
202
848
547
80
163
278
107
171
209
115
850
60
606
60
144
153
60
511
99
799
74
90
76
98
429
75
69
98
119
204
136
363
71
205
118
162
145
8
31
1
896
153
152
67
76
98
425
851
75
227
107
162
201
119
204
136
454
196
116
97
136
119
82
203
99
951
90
653
572
98
184
80
95
179
185
231
155
146
106
65
260
78
63
452
134
525
479
122
807
42
72
64
154
175
528
66
808
313
107
437
128
479
340
142
786
937
378
811
116
224
172
241
400
797
450
1021
229
75
137
71
779
144
120
456
85
113
514
171
511
101
118
113
172
75
694
276
115
156
256
72
68
110
94
231
75
177
161
65
60
90
65
62
408
99
484
372
325
332
98
329
97
179
110
64
852
75
417
97
169
255
104
67
371
42
104
853
603
219
177
246
852
362
297
120
1007
686
90
507
132
1008
413
139
581
97
607
412
180
575
183
136
138
212
89
256
645
138
78
63
517
158
180
142
353
71
133
225
458
88
890
125
244
954
89
256
142
539
683
338
541
100
402
97
379
152
807
39
808
969
262
113
668
451
153
171
70
239
205
137
479
525
854
44
608
374
77
119
63
120
120
971
417
415
63
8
31
943
1
389
657
95
362
98
142
1015
509
603
153
548
490
190
362
310
207
855
246
284
664
69
128
58
640
111
123
81
111
348
117
162
314
139
75
699
243
261
251
75
95
178
66
280
179
89
153
71
170
89
947
845
139
265
73
108
239
206
120
425
77
107
74
687
97
692
117
69
181
658
104
853
603
136
219
542
473
256
686
90
150
123
523
622
580
696
890
246
85
113
424
508
213
834
437
107
73
69
127
435
646
317
139
634
373
139
138
380
272
154
153
118
529
251
856
116
308
64
434
62
195
70
292
608
374
77
119
63
120
266
931
932
834
856
132
174
192
113
266
542
473
154
29
365
111
98
515
687
845
309
362
85
30
442
678
128
70
115
108
810
196
310
379
397
265
73
108
239
154
120
214
68
98
466
81
255
98
117
162
461
433
684
603
311
89
161
120
29
61
151
436
158
89
106
96
86
465
649
362
408
136
266
152
490
142
29
333
73
104
857
164
179
74
115
359
461
30
372
136
858
832
125
77
696
133
97
114
70
600
74
215
103
49
1
508
700
98
219
137
147
98
80
112
218
107
701
183
412
213
696
94
1023
564
185
345
161
97
1023
564
63
64
63
62
129
60
139
266
311
231
256
645
545
72
304
75
170
66
8
44
59
99
638
458
505
99
60
980
146
979
97
405
702
256
480
274
362
144
120
683
273
1008
79
247
95
267
593
831
94
196
310
379
397
648
65
633
813
156
61
114
298
75
69
496
326
538
125
425
97
649
402
698
148
117
206
138
188
478
273
350
176
67
8
39
820
312
100
987
545
97
362
414
683
273
541
632
533
165
77
256
600
74
789
119
118
158
381
170
63
197
660
595
832
302
539
71
373
314
309
72
107
106
113
120
152
134
129
67
82
418
442
830
995
325
218
362
58
447
98
120
683
273
1008
413
513
145
201
77
652
124
703
690
256
107
7
572
201
704
74
115
105
142
129
660
143
230
299
58
833
43
8
31
299
63
68
102
137
120
120
403
128
109
74
126
97
29
37
112
63
213
100
588
231
465
503
154
95
800
360
165
98
806
654
273
588
61
534
107
679
136
686
90
507
113
523
278
513
853
325
218
125
137
272
537
317
198
136
219
542
272
184
504
87
161
110
930
154
940
95
111
199
117
310
381
72
113
141
173
357
325
89
116
806
654
338
588
61
218
97
581
131
239
154
77
497
604
326
538
125
29
110
486
309
362
63
30
19
0
55
76
133
164
219
81
68
133
125
523
133
945
486
177
88
0
502
116
348
136
79
77
347
204
111
216
113
236
101
261
86
93
492
147
705
199
683
338
541
189
129
137
267
101
315
72
457
256
900
72
98
954
89
118
98
142
539
97
198
859
396
167
738
549
695
274
569
100
402
120
300
165
98
550
97
707
145
1004
48
151
62
139
450
393
484
309
487
98
110
67
684
861
79
77
141
862
114
421
133
477
132
859
402
454
348
347
196
310
96
63
73
101
97
549
695
315
240
133
550
97
133
707
145
863
709
33
109
409
1
110
204
120
545
467
147
67
247
498
397
899
64
710
117
189
336
322
75
361
350
96
128
559
240
546
135
424
143
237
567
778
60
395
100
276
115
58
387
522
521
105
350
96
128
144
262
197
120
224
117
132
786
864
478
170
218
62
448
231
490
97
114
74
652
124
563
121
203
847
70
121
203
72
250
104
147
98
644
119
811
116
1020
208
174
250
103
37
131
71
105
802
337
120
71
416
316
199
977
306
69
144
288
202
120
691
59
105
329
218
142
858
69
194
584
137
711
97
137
712
71
340
111
269
60
846
140
387
673
1
120
129
128
452
169
451
129
131
229
64
423
856
132
224
125
713
110
663
94
110
927
80
94
178
63
426
260
219
232
62
227
865
538
110
60
609
81
133
224
117
199
80
936
116
128
62
127
251
66
199
102
96
122
65
297
329
133
75
356
76
999
549
130
222
89
168
432
607
208
474
62
191
138
71
153
656
63
98
329
133
474
141
252
242
203
61
106
213
100
102
141
96
200
847
70
110
189
240
68
531
86
1014
210
68
133
128
702
205
950
290
665
98
628
118
189
217
110
690
154
952
340
223
74
59
105
97
272
246
297
224
81
866
863
709
39
1
386
120
467
422
208
286
67
803
479
507
113
97
392
780
240
409
189
66
62
591
217
81
498
857
545
97
213
206
136
232
81
154
840
422
76
556
131
209
296
288
99
176
75
139
75
184
119
205
204
102
141
96
104
158
646
158
580
220
75
88
893
109
611
335
376
99
641
117
189
486
361
329
559
712
361
545
208
120
325
89
413
120
499
413
544
120
102
96
126
632
208
29
143
75
112
144
573
102
96
866
321
544
120
316
113
781
156
601
781
238
185
60
591
129
137
267
101
104
317
323
317
847
73
150
158
646
317
240
97
977
298
94
60
65
261
867
430
781
184
30
1019
190
77
146
199
136
799
314
434
350
76
416
107
213
591
286
113
313
712
71
378
689
138
118
68
291
126
241
572
123
106
152
94
784
373
71
496
700
98
268
434
97
691
216
147
199
162
116
138
118
68
291
284
190
77
209
522
120
279
192
75
417
607
712
617
97
475
62
129
798
924
563
139
578
813
645
64
458
279
158
497
274
659
397
851
137
421
686
191
224
172
447
132
329
133
707
394
208
851
137
120
95
229
193
356
169
218
95
888
410
863
709
39
1
68
130
73
114
94
159
253
329
72
317
159
241
644
109
116
178
66
116
286
113
213
834
713
75
128
109
74
90
160
302
665
189
183
713
437
97
530
714
582
514
662
101
372
75
343
184
120
142
781
156
715
590
577
778
115
1019
213
798
258
115
406
97
118
1013
424
110
75
863
709
48
151
62
139
425
420
173
816
323
123
836
133
913
123
156
272
281
348
329
99
353
291
130
808
125
707
201
97
286
224
658
136
258
115
406
142
313
533
714
337
29
952
108
112
105
487
85
321
302
422
691
216
172
67
255
98
148
117
629
703
232
246
284
214
162
814
171
79
99
184
697
420
70
154
87
96
571
902
87
146
377
67
220
431
147
197
927
81
315
29
128
152
96
1
530
104
63
465
61
593
179
72
66
79
849
114
201
588
335
286
197
701
279
246
1
546
154
467
147
67
793
114
201
641
72
125
467
147
197
111
161
1001
714
546
154
125
286
224
387
522
66
110
81
98
136
437
175
518
227
60
207
96
949
707
145
278
550
129
527
868
208
428
268
139
97
130
82
604
148
460
172
256
412
606
612
94
428
452
64
192
59
139
302
353
303
634
111
269
588
123
302
572
145
103
709
955
95
33
220
220
869
345
960
1
709
5
33
66
68
101
169
113
33
66
68
101
518
63
491
33
869
120
962
15
16
964
13
14
4
965
526
147
197
137
479
525
870
94
375
109
62
222
351
407
215
106
259
371
33
75
98
603
500
490
77
840
134
121
168
637
262
201
412
107
7
190
104
201
704
659
161
142
353
180
97
76
98
244
143
230
432
117
162
165
98
483
99
868
164
143
96
97
213
212
108
85
132
312
411
7
68
166
517
777
41
871
97
873
114
145
432
81
416
967
549
130
222
98
120
399
438
126
97
125
396
807
39
808
262
161
668
70
260
851
204
110
663
124
120
381
511
98
60
548
629
976
971
303
415
99
33
8
33
220
869
119
669
351
120
110
172
69
98
96
127
86
97
407
215
106
259
1
792
102
68
578
131
77
154
300
525
61
126
113
873
114
145
247
95
198
267
126
317
854
29
60
109
409
1
110
204
120
646
321
107
657
175
161
29
77
118
64
101
273
97
72
223
74
519
478
121
79
321
153
173
339
154
153
171
529
251
95
29
129
128
452
169
451
129
131
229
64
423
224
68
30
103
873
590
858
472
107
213
206
484
1
802
836
198
501
63
120
578
153
256
252
96
904
549
130
222
89
167
286
113
934
110
386
421
29
213
206
136
232
81
154
840
422
76
556
131
209
321
107
701
183
120
625
98
198
789
569
100
156
64
874
906
100
712
71
364
159
198
323
145
220
8
33
220
869
120
792
102
68
578
131
77
154
312
100
596
447
705
70
601
47
479
507
113
97
392
780
240
409
89
93
465
49
1
41
871
445
169
168
242
162
223
98
859
396
928
77
229
246
478
269
713
106
64
152
205
302
665
89
642
140
259
478
338
638
458
505
144
549
107
173
243
852
606
225
61
133
97
176
116
182
298
116
405
702
256
289
525
153
298
75
112
103
41
383
215
106
259
1
107
657
190
453
859
402
861
312
253
60
574
113
107
150
157
294
23
22
23
1
143
117
983
33
8
33
220
869
391
987
586
77
229
246
593
286
394
400
597
294
302
665
189
414
107
548
118
97
707
394
545
802
539
667
464
414
71
416
316
199
509
63
201
97
128
702
205
29
950
290
665
98
628
118
89
30
990
995
982
861
312
253
213
655
434
610
116
998
172
490
606
430
612
220
384
70
118
199
996
45
86
122
99
32
654
77
232
119
94
501
100
997
110
7
87
107
401
97
41
871
29
33
72
67
142
97
484
30
561
219
542
473
154
513
64
63
687
148
560
196
118
113
97
164
663
1
125
138
149
113
906
63
601
502
347
64
108
200
110
347
952
108
200
110
347
311
108
86
30
299
58
386
421
46
58
223
134
118
114
421
501
113
982
873
422
29
45
130
96
77
73
69
194
703
626
118
63
321
136
437
75
168
187
251
204
72
611
272
656
253
198
784
699
259
184
109
96
86
88
1014
111
348
164
67
684
125
171
232
60
104
201
72
222
83
126
317
262
201
236
137
110
64
133
164
62
805
107
252
916
97
128
73
373
435
142
117
188
458
669
147
705
199
868
77
346
115
810
859
402
41
871
97
873
422
717
136
138
96
95
190
121
199
99
450
513
594
137
864
496
549
695
121
70
371
738
138
89
804
214
81
423
120
438
126
97
718
70
1004
41
88
216
60
105
125
439
434
843
111
244
219
152
656
411
124
661
111
113
577
563
303
539
39
719
157
172
103
32
239
202
80
112
867
236
66
353
85
694
489
98
75
68
106
70
453
185
134
282
695
604
514
452
330
150
495
120
156
162
59
779
77
103
52
112
875
129
419
158
217
109
449
354
204
939
448
65
82
253
109
106
104
197
114
111
151
158
844
155
125
396
689
631
547
150
395
62
105
914
155
120
107
109
893
142
138
458
69
68
133
586
621
190
414
62
101
200
136
75
224
330
392
105
110
692
82
117
168
522
153
207
81
359
104
269
162
116
700
98
217
456
250
354
142
836
176
116
700
98
129
64
423
128
152
476
499
70
561
920
581
131
110
476
120
508
77
199
304
70
261
200
137
670
64
126
203
137
143
96
200
139
544
75
228
58
155
565
855
294
66
605
112
583
76
99
148
460
655
139
399
164
110
62
156
64
785
317
137
864
496
279
64
141
113
214
181
387
247
74
97
607
217
173
104
157
354
62
86
89
937
332
94
129
219
104
306
70
95
72
800
77
212
372
182
74
117
242
464
278
107
106
113
70
136
129
942
99
454
75
973
76
251
120
236
66
353
144
198
70
131
58
605
106
388
218
100
137
864
496
131
129
146
231
155
266
1
562
141
116
198
304
102
141
68
137
120
703
690
650
73
373
95
934
636
711
797
520
165
604
118
244
159
89
422
223
196
94
120
135
1021
240
117
117
89
7
118
546
105
270
58
237
75
95
75
388
104
197
375
255
519
101
309
268
101
72
116
141
293
64
198
336
62
163
118
598
626
876
70
136
279
206
136
137
213
76
163
434
628
134
80
241
97
78
66
150
137
600
70
220
138
162
199
975
565
164
304
62
334
138
232
250
184
928
445
89
206
72
473
650
445
89
206
304
140
155
266
1
129
229
182
280
97
192
68
166
789
476
29
789
219
98
306
70
600
118
66
30
432
135
1021
217
111
244
842
222
155
207
96
95
142
164
148
933
81
111
653
60
486
98
704
187
112
100
1018
619
303
75
68
166
152
387
432
699
68
169
902
851
182
132
100
953
66
70
510
514
66
224
83
254
109
103
57
1
489
90
155
63
201
376
133
530
886
77
145
109
140
155
164
349
206
63
90
561
304
517
60
139
266
222
118
801
97
400
128
699
157
926
350
528
240
337
842
222
202
58
119
71
75
292
59
149
877
364
489
97
573
136
592
496
475
96
89
230
167
36
792
202
400
889
7
196
334
129
974
175
609
98
119
82
198
218
129
704
74
100
142
135
183
72
192
64
901
237
133
110
204
843
129
497
110
189
924
567
136
77
75
73
112
97
72
935
59
177
206
892
705
116
347
316
113
44
583
400
97
544
152
134
693
658
72
106
65
144
573
107
659
141
81
121
203
139
72
935
59
129
697
97
72
111
61
130
63
82
86
406
99
142
596
897
62
101
105
219
654
272
63
697
240
824
81
416
136
175
119
150
167
12
99
44
583
451
130
237
77
244
363
104
157
166
75
200
363
119
357
337
721
66
387
878
110
246
408
138
654
272
100
168
70
95
353
309
424
118
413
400
77
346
112
97
861
722
68
299
99
508
77
626
155
723
125
68
177
111
157
83
418
783
151
62
139
70
136
896
375
916
119
116
313
679
71
139
272
150
96
453
512
585
83
63
103
49
76
334
573
128
173
507
63
103
257
119
140
83
97
152
60
139
77
69
115
112
218
99
565
73
879
408
153
242
61
846
867
700
65
551
158
698
786
96
127
114
116
306
155
302
236
112
90
196
94
363
357
77
580
206
142
602
309
130
68
63
504
237
176
835
454
567
178
216
62
139
79
128
105
142
456
712
129
94
208
710
334
73
166
119
184
94
75
304
182
392
105
924
430
156
141
232
152
793
107
841
138
563
687
109
62
144
634
293
473
150
75
200
107
841
363
357
337
565
721
66
374
72
235
290
412
939
448
65
846
94
710
117
116
420
446
281
333
59
163
783
63
782
412
60
62
109
416
70
115
58
357
586
1005
310
721
203
72
79
119
464
338
602
434
304
106
199
99
611
594
142
508
704
74
112
97
109
161
196
147
98
244
293
70
102
81
338
97
336
77
343
139
602
338
145
907
167
57
1
107
267
88
269
723
125
692
89
801
75
117
238
651
59
112
867
65
77
175
387
658
136
173
305
129
70
303
64
710
191
97
602
104
278
100
153
304
79
177
354
141
232
197
240
546
135
313
266
95
70
309
843
376
99
847
70
110
189
602
361
691
482
110
849
451
111
119
140
83
1
75
190
133
153
633
104
119
354
97
159
560
79
177
69
167
208
47
111
67
2
965
153
68
140
172
155
217
723
181
103
208
43
63
77
806
576
144
533
294
138
63
79
297
168
146
21
8
103
208
670
169
354
217
191
70
136
204
145
130
951
158
218
136
72
185
152
189
107
237
723
125
363
291
874
150
395
192
197
219
223
222
155
424
114
693
219
94
1016
946
223
134
65
100
97
304
152
100
142
574
182
413
147
177
354
125
721
63
167
57
70
230
125
692
89
801
240
293
209
75
693
62
255
912
100
111
244
880
335
77
542
64
127
251
430
77
507
59
334
581
97
346
98
918
240
451
111
119
140
83
94
110
68
150
118
60
82
148
105
969
1005
114
197
139
62
184
71
309
721
90
197
173
102
354
107
67
70
297
722
68
247
879
408
190
77
207
115
406
147
177
357
430
129
145
103
257
342
451
75
350
76
118
125
375
229
272
155
142
118
862
113
927
80
1
721
218
699
157
134
139
389
228
248
269
722
125
896
107
784
591
176
81
126
241
125
129
909
592
496
114
61
152
94
980
605
498
137
119
71
260
856
116
87
73
131
72
141
199
100
111
244
219
82
510
142
627
62
372
107
613
155
399
921
65
77
387
299
85
659
206
412
216
89
320
200
428
240
176
835
784
305
266
1
627
62
878
142
424
856
132
73
879
1
266
349
876
454
142
527
171
413
139
612
189
107
578
89
60
395
100
306
69
408
99
437
175
528
114
61
152
7
118
546
105
266
96
74
112
101
110
189
69
115
297
880
322
94
647
337
60
65
209
79
177
281
973
134
89
280
97
363
166
75
86
103
257
235
290
612
189
75
419
58
120
611
335
969
602
999
134
152
280
130
147
94
844
876
125
649
107
225
410
167
57
1
880
61
133
119
919
226
127
200
117
587
520
96
157
98
404
60
112
95
313
138
89
804
60
936
171
255
100
142
146
198
612
561
446
155
142
134
171
94
925
100
575
268
90
841
73
879
408
70
163
117
60
82
253
142
600
136
77
61
74
88
298
132
145
74
94
445
288
478
273
75
129
231
947
218
975
647
316
128
311
64
496
82
627
73
177
876
120
129
223
134
147
132
395
231
132
142
109
893
204
72
162
346
434
110
356
126
241
190
419
340
796
875
72
304
75
170
200
208
133
894
142
322
153
132
107
89
157
357
75
627
65
85
863
12
127
241
217
130
82
604
153
89
157
69
269
400
271
946
63
688
77
488
315
63
79
297
152
134
82
203
99
217
363
71
205
65
192
75
200
107
237
648
67
209
154
179
63
399
722
68
167
955
95
33
103
34
374
72
468
101
114
960
0
5
33
166
250
484
1
34
58
166
68
169
72
104
491
40
72
468
101
191
962
14
12
964
11
10
4
965
526
590
870
94
64
77
74
110
184
96
94
350
59
184
377
96
94
796
63
314
260
192
877
371
40
58
125
603
326
75
832
718
70
807
40
1
137
272
537
317
153
343
875
513
853
336
190
184
81
294
698
544
120
129
477
132
75
466
172
632
58
61
130
517
60
315
452
64
192
59
139
110
800
852
586
438
593
125
118
70
878
794
713
717
337
532
158
164
486
408
795
63
282
232
935
66
104
199
107
262
201
428
497
139
381
949
59
498
881
393
132
185
219
132
644
120
109
611
61
432
415
98
33
8
34
374
72
468
101
191
266
548
205
668
70
99
438
284
174
192
113
125
29
59
102
518
89
981
255
116
212
86
255
70
30
669
351
854
389
657
95
29
563
104
70
465
214
933
951
253
219
152
656
411
406
153
207
81
359
309
661
111
113
843
592
58
100
776
60
105
718
70
318
882
118
975
136
363
339
155
941
60
548
629
180
29
939
448
65
82
875
109
106
177
321
180
29
631
547
150
395
62
86
321
858
392
105
107
146
881
471
909
1013
120
607
845
152
69
431
433
111
161
713
174
482
155
439
273
145
190
347
900
203
162
116
174
520
601
44
160
920
581
131
110
476
120
508
77
199
304
70
261
200
137
670
64
126
203
137
143
96
200
139
544
75
228
58
155
565
855
294
66
605
112
583
76
99
148
460
655
139
399
164
110
62
156
64
785
317
137
864
496
279
64
141
113
214
181
30
318
213
172
134
139
258
115
406
183
39
882
809
892
113
70
131
58
605
106
73
94
533
260
137
636
711
337
499
70
878
794
308
64
139
420
173
816
931
378
123
97
79
166
62
104
68
531
303
214
117
811
113
348
110
149
263
306
134
139
174
482
155
29
59
102
518
63
120
110
255
132
212
86
255
79
30
103
38
99
29
129
219
104
306
298
70
465
72
800
77
168
241
703
692
82
184
109
96
86
158
520
165
604
75
702
150
495
141
865
203
222
149
98
456
62
494
167
49
229
409
251
120
148
460
655
417
168
150
456
250
97
501
100
940
107
146
231
154
596
897
87
73
131
353
227
723
125
270
66
102
354
138
63
79
297
168
70
95
861
77
580
447
132
722
351
99
39
882
107
76
130
216
476
363
291
108
86
431
433
684
73
879
144
573
131
224
464
144
29
700
65
551
88
30
372
29
786
96
127
114
116
306
155
302
236
112
90
196
30
278
501
113
33
8
34
374
72
468
101
191
880
335
363
816
399
120
72
250
104
162
96
143
318
882
175
155
691
216
191
76
106
177
161
107
259
126
241
710
147
94
844
60
82
411
124
125
649
107
225
61
203
114
630
710
102
169
281
533
274
69
115
127
86
601
57
1
880
61
133
119
919
226
127
200
117
587
520
96
157
98
404
60
112
95
313
138
89
804
60
936
171
255
100
142
146
198
612
30
658
144
157
250
199
240
501
113
76
130
73
115
139
326
75
472
718
199
107
81
684
72
214
222
119
154
399
97
138
500
154
95
508
153
324
77
637
701
183
136
437
363
119
76
251
336
77
343
434
125
399
628
118
536
895
59
99
638
458
505
99
60
980
146
979
97
141
268
349
256
606
612
94
597
119
100
268
104
381
260
426
1
501
100
97
405
702
100
289
75
181
158
906
158
95
497
423
129
1001
303
438
284
125
29
59
102
518
89
981
255
116
212
86
255
70
30
432
998
222
98
430
723
598
39
882
648
65
633
813
425
865
75
340
77
580
447
132
722
125
120
229
192
983
312
100
674
196
117
823
325
429
7
190
104
201
326
75
832
718
70
878
180
138
500
256
776
60
105
97
129
64
170
200
99
225
853
1001
294
125
118
199
429
106
113
196
587
706
562
118
228
1
204
64
63
149
114
96
86
88
990
995
152
156
191
136
117
246
85
113
145
111
120
107
146
881
29
59
102
518
89
981
255
116
212
86
255
70
30
220
384
70
118
199
996
389
283
1
41
442
589
71
62
130
63
391
29
40
77
182
117
321
501
97
913
123
865
182
256
270
887
133
142
404
109
155
293
62
86
175
292
180
75
110
172
281
164
151
172
256
40
77
182
181
689
1016
241
363
339
256
353
177
94
493
139
313
136
323
98
644
109
689
159
198
184
697
71
101
77
64
361
143
83
86
669
147
705
199
497
139
265
73
108
239
206
120
425
520
314
547
776
60
105
718
199
114
630
138
717
120
107
446
71
309
153
324
98
97
858
537
429
146
881
120
523
547
168
177
215
371
738
724
245
334
120
487
417
884
63
1004
36
639
325
218
660
128
910
58
256
213
835
614
432
607
382
141
238
679
121
637
701
183
615
343
95
674
624
312
241
287
385
241
287
77
118
81
111
272
154
215
28
791
274
569
100
481
461
898
382
938
381
453
469
71
90
70
247
148
211
105
128
28
385
100
530
714
582
337
110
28
405
446
118
97
151
147
94
542
272
83
253
921
64
181
849
615
480
63
165
77
154
287
546
154
644
109
119
518
103
32
77
192
116
148
117
206
469
129
113
885
60
234
94
58
28
107
134
65
77
167
31
73
304
102
161
481
364
137
149
874
131
28
511
90
132
152
71
170
411
247
122
109
850
854
398
548
154
60
401
652
69
284
128
28
72
611
272
656
253
396
793
412
270
66
102
696
406
240
469
600
181
75
203
469
198
137
213
118
66
318
857
76
85
431
81
97
190
865
182
71
273
343
253
597
805
80
195
63
318
857
76
85
431
81
97
128
62
163
273
661
76
94
77
346
101
273
521
97
174
192
197
474
231
205
169
73
318
857
76
85
431
81
97
937
811
98
901
28
398
349
650
59
486
100
521
97
396
94
474
231
205
353
142
633
89
534
382
569
98
1018
58
166
220
574
850
854
514
452
330
154
398
788
867
87
146
377
218
78
887
570
287
298
688
469
1018
158
481
461
783
74
115
86
850
138
171
68
161
552
527
452
978
670
76
139
469
215
28
75
130
171
94
128
942
99
988
454
131
60
156
464
72
94
111
28
382
68
28
385
88
167
53
111
28
244
419
58
154
615
287
183
530
142
647
419
297
469
607
884
63
21
0
40
221
237
207
395
154
791
423
110
59
325
866
793
117
246
85
113
346
874
107
7
178
63
909
287
313
382
938
381
104
63
616
77
346
115
86
374
221
237
77
457
115
227
704
74
97
885
196
351
58
28
87
152
68
522
346
284
885
842
172
115
431
534
60
234
361
724
614
917
221
237
533
142
60
207
255
119
76
251
469
66
71
169
70
129
67
255
98
153
114
294
300
461
94
266
137
219
711
651
130
494
73
76
408
130
114
212
141
711
651
176
599
66
534
60
234
361
724
245
334
3
388
106
61
703
690
154
401
881
182
107
862
68
4
849
567
615
60
207
255
119
205
287
469
569
98
385
241
481
461
803
114
263
164
207
531
694
900
72
113
79
77
141
862
125
175
155
1016
102
243
714
287
885
398
349
161
350
59
184
114
67
803
114
263
164
207
531
694
336
1002
274
527
914
876
469
61
126
66
220
75
282
313
60
234
361
192
877
274
614
917
58
114
391
63
90
28
679
71
361
106
134
21
0
33
1
107
152
339
447
132
75
466
172
632
214
351
59
122
77
230
113
110
28
797
506
195
639
110
226
297
287
110
401
652
297
997
71
94
403
218
73
86
63
75
133
287
76
8
28
73
8
94
885
66
207
154
141
173
493
303
59
58
231
272
227
118
28
190
60
108
66
189
118
28
799
284
179
796
127
200
118
28
445
85
76
99
396
534
107
788
104
227
560
155
552
107
717
110
28
153
74
98
396
1014
58
96
95
146
150
141
113
870
616
313
337
196
166
605
167
257
28
244
287
72
28
385
63
220
470
164
118
70
297
481
378
94
437
175
528
149
134
28
244
523
315
240
287
264
187
105
63
145
522
445
89
206
182
298
113
89
106
96
260
228
359
616
146
150
141
197
110
690
897
350
206
396
673
1
65
192
495
219
717
497
361
287
845
361
724
614
227
582
82
114
150
113
302
385
100
287
312
189
582
77
118
311
75
358
111
199
87
71
377
68
150
401
250
63
197
107
219
82
297
444
260
77
531
101
105
111
123
287
572
145
167
46
58
65
844
60
395
89
124
109
611
335
176
400
29
870
616
245
68
616
228
359
465
62
455
517
675
457
798
110
974
249
67
172
204
497
142
287
72
96
74
99
153
152
81
99
614
103
36
282
179
89
153
71
785
616
266
349
206
444
133
287
312
189
287
385
89
167
955
72
28
553
28
43
8
28
286
224
960
0
31
583
249
113
43
66
114
166
63
491
286
113
962
17
12
964
13
14
4
616
526
590
287
137
479
525
870
94
796
63
314
260
192
877
371
40
58
64
141
201
275
80
133
164
663
124
173
69
932
76
251
204
245
310
178
399
485
126
67
292
142
437
110
129
96
576
234
1
698
934
110
386
421
70
915
157
106
119
528
266
111
69
68
177
206
125
152
134
129
67
693
201
190
60
108
66
88
432
971
417
415
98
31
871
266
548
205
668
70
99
106
202
614
642
95
267
593
312
189
182
116
29
58
73
304
102
161
481
364
137
149
874
424
511
90
132
152
71
170
411
30
292
173
104
157
70
124
142
316
113
107
925
129
67
601
138
171
68
161
552
527
452
978
670
76
139
120
76
133
75
130
171
94
128
942
99
988
454
131
60
156
464
72
94
135
382
125
385
88
30
534
213
228
269
941
245
334
129
527
868
840
587
481
378
589
943
1
266
931
932
834
647
717
129
128
84
418
156
451
532
158
300
814
884
290
530
142
582
29
82
114
150
113
302
385
89
30
895
62
794
133
614
94
129
137
267
101
315
382
576
234
338
178
67
461
292
142
29
207
395
154
791
423
110
59
325
866
30
318
65
7
575
487
273
245
777
129
660
79
77
141
862
334
573
129
699
157
134
139
398
788
144
350
59
184
114
67
374
1
701
244
153
343
875
300
814
539
560
196
490
77
228
105
597
711
135
698
66
453
485
126
850
110
149
877
139
130
114
212
171
256
651
176
599
904
29
266
137
219
119
696
465
130
494
73
76
85
642
140
259
478
338
483
144
549
107
173
243
852
606
225
458
803
1
353
309
855
905
615
66
562
154
1007
497
547
724
120
300
223
116
884
203
99
204
572
113
809
437
148
283
949
485
194
312
189
97
569
98
385
89
983
976
987
615
437
219
268
349
206
240
695
360
177
317
428
97
128
910
359
547
106
134
990
31
716
286
145
220
384
70
118
199
996
997
160
42
8
31
103
32
77
69
231
114
391
29
42
58
96
122
372
42
638
231
187
58
321
509
77
419
89
205
1007
70
303
60
548
629
487
104
201
884
77
103
46
72
209
160
153
848
303
501
100
209
96
122
795
175
155
138
350
83
714
381
65
77
106
197
99
245
125
41
127
77
71
525
110
226
58
155
245
162
75
181
158
96
127
86
317
120
913
113
77
626
155
184
697
474
175
98
855
294
485
866
432
152
71
417
75
466
172
98
615
75
85
562
281
128
910
359
547
724
302
312
89
669
147
705
199
213
835
245
162
223
113
487
144
129
527
868
375
72
381
108
200
353
794
647
530
142
582
29
87
71
377
68
150
401
250
411
465
302
289
290
198
385
100
689
196
68
244
107
219
82
297
399
77
531
101
105
444
85
371
